3.57777 0.706507 -0.16074 0.216507 
-0.126842 0.316111 -0.770679 1.30698 
0.101065 0.135914 -0.268717 -0.2322 
-0.504788 0.0979569 2.07237 -0.679378 
1.06738 -1.77604 -1.34355 -3.72699 
0.121501 0.0905122 1.62253 -1.64565 
-0.50574 0.177994 -1.20408 -1.19859 
-2.29185 -2.07622 1.1261 -2.28147 
0.077575 0.171437 0.02407 0.388724 
0.115365 0.122748 1.42367 -1.65044 
0.578455 -0.408505 -0.681893 1.56412 
-0.654112 0.1628 -0.261893 0.767766 
-0.407293 -0.529506 -0.430029 -0.199906 
0.0381728 0.810425 -0.115934 0.659422 
-0.393944 -0.731057 0.913425 -0.996383 
-0.840089 0.61275 -2.13991 0.176825 
